[3935, 4280, 3740, 3900, 4205, 4105, 4245, 3950]
10
健步行比赛分数统计表

第1队 总分 3935
--详细数据：
-----ID----------姓名-----总分-----达标-----答题----- 
-----454672-----陈利-----430-----290-----140
----------  达标日期:18, 19, 20, 21, 22, 23, 24, 25, 26, 27, 28, 29, 30, 31, 1, 2, 3, 4, 5, 6, 7, 8, 9, 10, 11, 12, 13, 14, 15, 
---------- 答题得分：18, 19, 20, 21, 22, 23, 24, 25, 26, 27, 28, 29, 30, 31, 1, 2, 3, 4, 6, 7, 8, 9, 10, 11, 12, 13, 14, 15, 
-----454674-----张四梅-----405-----280-----125
----------  达标日期:18, 19, 20, 21, 22, 23, 24, 25, 26, 27, 28, 29, 30, 31, 1, 2, 3, 4, 5, 6, 7, 8, 9, 10, 11, 12, 13, 14, 
---------- 答题得分：18, 19, 20, 21, 22, 23, 24, 25, 26, 27, 28, 29, 30, 31, 1, 3, 4, 5, 6, 7, 8, 9, 10, 13, 15, 
-----454676-----徐芳-----385-----280-----105
----------  达标日期:18, 19, 20, 21, 22, 23, 24, 25, 26, 27, 28, 29, 30, 31, 1, 2, 3, 4, 5, 6, 7, 8, 9, 10, 11, 12, 13, 14, 
---------- 答题得分：18, 19, 20, 21, 23, 25, 26, 28, 29, 30, 31, 2, 4, 5, 6, 7, 8, 9, 10, 11, 13, 
-----454678-----刘爱平-----375-----260-----115
----------  达标日期:18, 19, 20, 21, 22, 23, 24, 25, 26, 27, 28, 30, 1, 2, 3, 4, 5, 6, 7, 9, 10, 11, 12, 13, 14, 15, 
---------- 答题得分：18, 19, 20, 21, 22, 23, 24, 25, 26, 27, 29, 30, 31, 1, 2, 3, 5, 6, 7, 9, 11, 14, 15, 
-----454679-----彭万力-----420-----280-----140
----------  达标日期:18, 19, 20, 21, 22, 23, 24, 25, 26, 27, 28, 29, 30, 31, 1, 2, 3, 4, 5, 6, 7, 8, 9, 10, 11, 12, 13, 14, 
---------- 答题得分：18, 19, 20, 21, 22, 23, 24, 25, 26, 27, 28, 29, 30, 31, 1, 2, 3, 5, 6, 7, 8, 9, 10, 11, 12, 13, 14, 15, 
-----454680-----钟霞-----395-----280-----115
----------  达标日期:18, 19, 20, 21, 22, 23, 24, 25, 26, 27, 28, 29, 30, 31, 1, 2, 3, 4, 5, 6, 7, 8, 9, 10, 11, 12, 13, 14, 
---------- 答题得分：19, 20, 21, 22, 23, 24, 25, 26, 27, 29, 31, 2, 3, 4, 5, 6, 7, 8, 9, 10, 12, 14, 15, 
-----454681-----秦滔-----340-----270-----70
----------  达标日期:18, 19, 20, 21, 22, 23, 24, 25, 26, 27, 28, 29, 30, 31, 1, 2, 3, 4, 5, 6, 7, 8, 9, 10, 11, 12, 13, 
---------- 答题得分：18, 20, 21, 22, 23, 25, 26, 28, 1, 5, 6, 7, 11, 14, 
-----454682-----刘勇华-----395-----280-----115
----------  达标日期:18, 19, 20, 21, 22, 23, 24, 25, 26, 27, 28, 29, 30, 31, 1, 2, 3, 4, 5, 6, 7, 8, 9, 10, 11, 12, 13, 14, 
---------- 答题得分：18, 19, 21, 22, 23, 24, 25, 26, 27, 28, 29, 30, 2, 3, 4, 5, 6, 7, 8, 11, 12, 14, 15, 
-----454708-----刘光辉-----435-----290-----145
----------  达标日期:18, 19, 20, 21, 22, 23, 24, 25, 26, 27, 28, 29, 30, 31, 1, 2, 3, 4, 5, 6, 7, 8, 9, 10, 11, 12, 13, 14, 15, 
---------- 答题得分：18, 19, 20, 21, 22, 23, 24, 25, 26, 27, 28, 29, 30, 31, 1, 2, 3, 4, 5, 6, 7, 8, 9, 10, 11, 12, 13, 14, 15, 
-----477923-----芦斌斌-----355-----250-----105
----------  达标日期:18, 19, 20, 21, 22, 23, 24, 25, 27, 28, 29, 30, 31, 1, 2, 3, 4, 5, 6, 7, 8, 9, 11, 12, 13, 
---------- 答题得分：18, 19, 20, 21, 22, 23, 24, 25, 27, 28, 30, 1, 2, 3, 5, 6, 7, 8, 9, 12, 13, 
第2队 总分 4280
--详细数据：
-----ID----------姓名-----总分-----达标-----答题----- 
-----454684-----覃秦铃-----435-----290-----145
----------  达标日期:18, 19, 20, 21, 22, 23, 24, 25, 26, 27, 28, 29, 30, 31, 1, 2, 3, 4, 5, 6, 7, 8, 9, 10, 11, 12, 13, 14, 15, 
---------- 答题得分：18, 19, 20, 21, 22, 23, 24, 25, 26, 27, 28, 29, 30, 31, 1, 2, 3, 4, 5, 6, 7, 8, 9, 10, 11, 12, 13, 14, 15, 
-----454686-----曾凡宝-----430-----290-----140
----------  达标日期:18, 19, 20, 21, 22, 23, 24, 25, 26, 27, 28, 29, 30, 31, 1, 2, 3, 4, 5, 6, 7, 8, 9, 10, 11, 12, 13, 14, 15, 
---------- 答题得分：18, 19, 20, 21, 22, 24, 25, 26, 27, 28, 29, 30, 31, 1, 2, 3, 4, 5, 6, 7, 8, 9, 10, 11, 12, 13, 14, 15, 
-----454688-----李珍-----420-----280-----140
----------  达标日期:18, 19, 20, 21, 22, 23, 24, 25, 26, 27, 28, 29, 30, 31, 1, 2, 3, 4, 5, 6, 7, 8, 9, 10, 11, 12, 13, 14, 
---------- 答题得分：18, 19, 20, 21, 22, 23, 24, 25, 26, 27, 28, 29, 30, 31, 1, 2, 3, 4, 5, 7, 8, 9, 10, 11, 12, 13, 14, 15, 
-----454689-----廖阳生-----430-----290-----140
----------  达标日期:18, 19, 20, 21, 22, 23, 24, 25, 26, 27, 28, 29, 30, 31, 1, 2, 3, 4, 5, 6, 7, 8, 9, 10, 11, 12, 13, 14, 15, 
---------- 答题得分：18, 19, 20, 21, 22, 23, 24, 25, 26, 27, 29, 30, 31, 1, 2, 3, 4, 5, 6, 7, 8, 9, 10, 11, 12, 13, 14, 15, 
-----454691-----邓艳辉-----425-----280-----145
----------  达标日期:18, 19, 20, 21, 22, 23, 24, 25, 26, 27, 28, 29, 30, 31, 1, 2, 3, 4, 5, 6, 7, 8, 9, 10, 11, 12, 13, 14, 
---------- 答题得分：18, 19, 20, 21, 22, 23, 24, 25, 26, 27, 28, 29, 30, 31, 1, 2, 3, 4, 5, 6, 7, 8, 9, 10, 11, 12, 13, 14, 15, 
-----454693-----曹景坤-----435-----290-----145
----------  达标日期:18, 19, 20, 21, 22, 23, 24, 25, 26, 27, 28, 29, 30, 31, 1, 2, 3, 4, 5, 6, 7, 8, 9, 10, 11, 12, 13, 14, 15, 
---------- 答题得分：18, 19, 20, 21, 22, 23, 24, 25, 26, 27, 28, 29, 30, 31, 1, 2, 3, 4, 5, 6, 7, 8, 9, 10, 11, 12, 13, 14, 15, 
-----454696-----欧阳文昌-----410-----280-----130
----------  达标日期:18, 19, 20, 21, 22, 23, 24, 25, 26, 27, 28, 29, 30, 31, 1, 2, 3, 4, 5, 6, 7, 8, 9, 10, 11, 12, 13, 14, 
---------- 答题得分：18, 19, 20, 21, 22, 23, 24, 25, 26, 27, 29, 31, 1, 2, 3, 4, 6, 7, 8, 9, 10, 11, 12, 13, 14, 15, 
-----463991-----周丹波-----435-----290-----145
----------  达标日期:18, 19, 20, 21, 22, 23, 24, 25, 26, 27, 28, 29, 30, 31, 1, 2, 3, 4, 5, 6, 7, 8, 9, 10, 11, 12, 13, 14, 15, 
---------- 答题得分：18, 19, 20, 21, 22, 23, 24, 25, 26, 27, 28, 29, 30, 31, 1, 2, 3, 4, 5, 6, 7, 8, 9, 10, 11, 12, 13, 14, 15, 
-----463992-----符平-----430-----290-----140
----------  达标日期:18, 19, 20, 21, 22, 23, 24, 25, 26, 27, 28, 29, 30, 31, 1, 2, 3, 4, 5, 6, 7, 8, 9, 10, 11, 12, 13, 14, 15, 
---------- 答题得分：18, 19, 20, 21, 22, 23, 24, 25, 26, 27, 28, 29, 31, 1, 2, 3, 4, 5, 6, 7, 8, 9, 10, 11, 12, 13, 14, 15, 
-----477510-----康文力-----430-----290-----140
----------  达标日期:18, 19, 20, 21, 22, 23, 24, 25, 26, 27, 28, 29, 30, 31, 1, 2, 3, 4, 5, 6, 7, 8, 9, 10, 11, 12, 13, 14, 15, 
---------- 答题得分：18, 19, 20, 21, 22, 23, 24, 25, 26, 27, 28, 29, 30, 31, 1, 2, 3, 4, 5, 7, 8, 9, 10, 11, 12, 13, 14, 15, 
第3队 总分 3740
--详细数据：
-----ID----------姓名-----总分-----达标-----答题----- 
-----454671-----来文平-----425-----290-----135
----------  达标日期:18, 19, 20, 21, 22, 23, 24, 25, 26, 27, 28, 29, 30, 31, 1, 2, 3, 4, 5, 6, 7, 8, 9, 10, 11, 12, 13, 14, 15, 
---------- 答题得分：18, 19, 20, 21, 22, 23, 24, 25, 26, 27, 29, 30, 31, 1, 2, 3, 4, 5, 7, 8, 9, 10, 11, 12, 13, 14, 15, 
-----454700-----陈奕巧-----420-----280-----140
----------  达标日期:18, 19, 20, 21, 22, 23, 24, 25, 26, 27, 28, 29, 30, 31, 1, 2, 3, 4, 5, 6, 7, 8, 9, 10, 11, 12, 13, 14, 
---------- 答题得分：18, 19, 20, 21, 22, 23, 24, 25, 26, 27, 28, 29, 30, 31, 1, 2, 4, 5, 6, 7, 8, 9, 10, 11, 12, 13, 14, 15, 
-----454702-----苏 菲-----410-----280-----130
----------  达标日期:18, 19, 20, 21, 22, 23, 24, 25, 26, 27, 28, 29, 30, 31, 1, 2, 3, 4, 5, 6, 7, 8, 9, 10, 11, 12, 13, 14, 
---------- 答题得分：18, 19, 20, 21, 22, 23, 24, 25, 26, 27, 28, 30, 31, 1, 2, 3, 4, 5, 6, 7, 8, 9, 10, 11, 14, 15, 
-----454705-----马翠萍-----415-----280-----135
----------  达标日期:18, 19, 20, 21, 22, 23, 24, 25, 26, 27, 28, 29, 30, 31, 1, 2, 3, 4, 5, 6, 7, 8, 9, 10, 11, 12, 13, 14, 
---------- 答题得分：18, 19, 20, 21, 22, 23, 24, 26, 27, 28, 29, 30, 31, 1, 2, 3, 4, 5, 6, 7, 8, 9, 10, 11, 12, 14, 15, 
-----454706-----管小明-----405-----280-----125
----------  达标日期:18, 19, 20, 21, 22, 23, 24, 25, 26, 27, 28, 29, 30, 31, 1, 2, 3, 4, 5, 6, 7, 8, 9, 10, 11, 12, 13, 14, 
---------- 答题得分：18, 19, 20, 21, 22, 24, 25, 27, 28, 29, 31, 1, 2, 3, 4, 5, 6, 7, 8, 9, 10, 11, 12, 13, 14, 
-----454709-----高 辉-----365-----250-----115
----------  达标日期:18, 19, 20, 22, 23, 24, 25, 26, 28, 29, 30, 31, 1, 2, 3, 4, 5, 6, 7, 8, 9, 10, 11, 13, 14, 
---------- 答题得分：18, 19, 20, 21, 22, 24, 26, 27, 28, 29, 30, 31, 1, 2, 3, 4, 5, 6, 7, 8, 9, 10, 14, 
-----454711-----蒋丁菲-----425-----290-----135
----------  达标日期:18, 19, 20, 21, 22, 23, 24, 25, 26, 27, 28, 29, 30, 31, 1, 2, 3, 4, 5, 6, 7, 8, 9, 10, 11, 12, 13, 14, 15, 
---------- 答题得分：18, 19, 20, 21, 22, 23, 24, 25, 27, 28, 29, 30, 31, 1, 2, 3, 4, 5, 6, 7, 8, 9, 11, 12, 13, 14, 15, 
-----458332-----黄高荣-----30-----20-----10
----------  达标日期:18, 19, 
---------- 答题得分：18, 19, 
-----464002-----刘 文-----425-----280-----145
----------  达标日期:18, 19, 20, 21, 22, 23, 24, 25, 26, 27, 28, 29, 30, 31, 1, 2, 3, 4, 5, 6, 7, 8, 9, 10, 11, 12, 13, 14, 
---------- 答题得分：18, 19, 20, 21, 22, 23, 24, 25, 26, 27, 28, 29, 30, 31, 1, 2, 3, 4, 5, 6, 7, 8, 9, 10, 11, 12, 13, 14, 15, 
-----464003-----易华清-----420-----290-----130
----------  达标日期:18, 19, 20, 21, 22, 23, 24, 25, 26, 27, 28, 29, 30, 31, 1, 2, 3, 4, 5, 6, 7, 8, 9, 10, 11, 12, 13, 14, 15, 
---------- 答题得分：18, 19, 20, 21, 22, 23, 25, 26, 27, 28, 29, 30, 31, 1, 2, 3, 4, 5, 6, 7, 8, 9, 10, 13, 14, 15, 
第4队 总分 3900
--详细数据：
-----ID----------姓名-----总分-----达标-----答题----- 
-----447984-----成庆虹-----395-----280-----115
----------  达标日期:18, 19, 20, 21, 22, 23, 24, 25, 26, 27, 28, 29, 30, 31, 1, 2, 3, 4, 5, 6, 7, 8, 9, 10, 11, 12, 13, 14, 
---------- 答题得分：18, 19, 20, 21, 22, 23, 24, 26, 27, 28, 30, 31, 2, 3, 4, 5, 6, 7, 8, 9, 12, 14, 15, 
-----448046-----周学军-----435-----290-----145
----------  达标日期:18, 19, 20, 21, 22, 23, 24, 25, 26, 27, 28, 29, 30, 31, 1, 2, 3, 4, 5, 6, 7, 8, 9, 10, 11, 12, 13, 14, 15, 
---------- 答题得分：18, 19, 20, 21, 22, 23, 24, 25, 26, 27, 28, 29, 30, 31, 1, 2, 3, 4, 5, 6, 7, 8, 9, 10, 11, 12, 13, 14, 15, 
-----454712-----李  巍-----430-----290-----140
----------  达标日期:18, 19, 20, 21, 22, 23, 24, 25, 26, 27, 28, 29, 30, 31, 1, 2, 3, 4, 5, 6, 7, 8, 9, 10, 11, 12, 13, 14, 15, 
---------- 答题得分：18, 19, 20, 21, 22, 23, 24, 25, 26, 27, 28, 29, 30, 31, 1, 2, 3, 4, 5, 6, 7, 8, 9, 10, 11, 12, 13, 14, 
-----454714-----蒋小常-----420-----280-----140
----------  达标日期:18, 19, 20, 21, 22, 23, 24, 25, 26, 27, 28, 29, 30, 31, 1, 2, 3, 4, 5, 6, 7, 8, 9, 10, 11, 12, 13, 14, 
---------- 答题得分：18, 19, 20, 21, 22, 23, 24, 25, 26, 27, 28, 30, 31, 1, 2, 3, 4, 5, 6, 7, 8, 9, 10, 11, 12, 13, 14, 15, 
-----454718-----周志杰-----395-----270-----125
----------  达标日期:18, 19, 20, 21, 22, 23, 24, 25, 26, 27, 28, 29, 30, 31, 1, 2, 3, 4, 5, 6, 7, 8, 9, 10, 11, 12, 14, 
---------- 答题得分：18, 20, 21, 23, 24, 25, 26, 27, 28, 29, 30, 31, 1, 2, 3, 4, 5, 6, 8, 9, 10, 11, 12, 13, 14, 
-----454719-----王  律-----405-----290-----115
----------  达标日期:18, 19, 20, 21, 22, 23, 24, 25, 26, 27, 28, 29, 30, 31, 1, 2, 3, 4, 5, 6, 7, 8, 9, 10, 11, 12, 13, 14, 15, 
---------- 答题得分：18, 19, 20, 21, 22, 23, 24, 25, 26, 28, 30, 31, 1, 2, 3, 4, 5, 6, 7, 8, 9, 10, 13, 
-----454721-----邓雪芹-----260-----260-----0
----------  达标日期:18, 19, 20, 21, 23, 24, 26, 27, 28, 29, 30, 31, 1, 3, 4, 5, 6, 7, 8, 9, 10, 11, 12, 13, 14, 15, 
---------- 答题得分：
-----454723-----柳树民-----335-----290-----45
----------  达标日期:18, 19, 20, 21, 22, 23, 24, 25, 26, 27, 28, 29, 30, 31, 1, 2, 3, 4, 5, 6, 7, 8, 9, 10, 11, 12, 13, 14, 15, 
---------- 答题得分：18, 21, 23, 24, 1, 2, 3, 4, 12, 
-----454724-----戴金树-----410-----280-----130
----------  达标日期:18, 19, 20, 21, 22, 23, 24, 25, 26, 27, 28, 29, 30, 31, 1, 2, 3, 4, 5, 6, 7, 8, 9, 10, 11, 12, 13, 14, 
---------- 答题得分：18, 19, 20, 21, 22, 23, 25, 26, 27, 29, 30, 31, 1, 2, 3, 4, 5, 6, 7, 8, 9, 10, 11, 13, 14, 15, 
-----464001-----汤锦春-----415-----280-----135
----------  达标日期:18, 19, 20, 21, 22, 23, 24, 25, 26, 27, 28, 29, 30, 31, 1, 2, 3, 4, 5, 6, 7, 8, 9, 10, 11, 12, 13, 14, 
---------- 答题得分：18, 19, 20, 21, 22, 23, 24, 25, 26, 27, 28, 29, 30, 31, 1, 2, 3, 4, 5, 6, 7, 8, 9, 10, 12, 13, 14, 
第5队 总分 4205
--详细数据：
-----ID----------姓名-----总分-----达标-----答题----- 
-----454726-----李  炜-----425-----290-----135
----------  达标日期:18, 19, 20, 21, 22, 23, 24, 25, 26, 27, 28, 29, 30, 31, 1, 2, 3, 4, 5, 6, 7, 8, 9, 10, 11, 12, 13, 14, 15, 
---------- 答题得分：18, 19, 20, 21, 22, 23, 24, 25, 26, 27, 28, 29, 30, 31, 2, 3, 4, 5, 6, 7, 8, 9, 10, 11, 12, 13, 14, 
-----454727-----方宇桥-----435-----290-----145
----------  达标日期:18, 19, 20, 21, 22, 23, 24, 25, 26, 27, 28, 29, 30, 31, 1, 2, 3, 4, 5, 6, 7, 8, 9, 10, 11, 12, 13, 14, 15, 
---------- 答题得分：18, 19, 20, 21, 22, 23, 24, 25, 26, 27, 28, 29, 30, 31, 1, 2, 3, 4, 5, 6, 7, 8, 9, 10, 11, 12, 13, 14, 15, 
-----454728-----周  强-----430-----290-----140
----------  达标日期:18, 19, 20, 21, 22, 23, 24, 25, 26, 27, 28, 29, 30, 31, 1, 2, 3, 4, 5, 6, 7, 8, 9, 10, 11, 12, 13, 14, 15, 
---------- 答题得分：18, 19, 20, 21, 22, 23, 24, 26, 27, 28, 29, 30, 31, 1, 2, 3, 4, 5, 6, 7, 8, 9, 10, 11, 12, 13, 14, 15, 
-----454729-----汤学辉-----420-----290-----130
----------  达标日期:18, 19, 20, 21, 22, 23, 24, 25, 26, 27, 28, 29, 30, 31, 1, 2, 3, 4, 5, 6, 7, 8, 9, 10, 11, 12, 13, 14, 15, 
---------- 答题得分：18, 19, 20, 21, 22, 23, 24, 25, 27, 28, 29, 30, 31, 1, 2, 4, 5, 6, 7, 8, 9, 10, 11, 12, 13, 14, 
-----454731-----何  晖-----425-----290-----135
----------  达标日期:18, 19, 20, 21, 22, 23, 24, 25, 26, 27, 28, 29, 30, 31, 1, 2, 3, 4, 5, 6, 7, 8, 9, 10, 11, 12, 13, 14, 15, 
---------- 答题得分：18, 19, 20, 22, 23, 24, 25, 26, 27, 28, 29, 30, 31, 1, 3, 4, 5, 6, 7, 8, 9, 10, 11, 12, 13, 14, 15, 
-----454733-----周  杰-----405-----280-----125
----------  达标日期:18, 19, 20, 21, 22, 23, 24, 25, 26, 27, 28, 29, 30, 31, 1, 2, 3, 4, 5, 6, 7, 8, 9, 10, 11, 12, 13, 14, 
---------- 答题得分：18, 19, 20, 21, 22, 23, 24, 26, 27, 28, 29, 30, 31, 2, 3, 4, 5, 6, 7, 8, 10, 11, 12, 13, 14, 
-----454735-----张小波-----430-----290-----140
----------  达标日期:18, 19, 20, 21, 22, 23, 24, 25, 26, 27, 28, 29, 30, 31, 1, 2, 3, 4, 5, 6, 7, 8, 9, 10, 11, 12, 13, 14, 15, 
---------- 答题得分：18, 19, 20, 21, 22, 23, 24, 25, 26, 27, 28, 29, 30, 31, 1, 2, 3, 4, 5, 6, 7, 8, 9, 11, 12, 13, 14, 15, 
-----454736-----胡金华-----415-----290-----125
----------  达标日期:18, 19, 20, 21, 22, 23, 24, 25, 26, 27, 28, 29, 30, 31, 1, 2, 3, 4, 5, 6, 7, 8, 9, 10, 11, 12, 13, 14, 15, 
---------- 答题得分：18, 19, 20, 21, 23, 24, 25, 26, 27, 28, 29, 30, 31, 1, 2, 3, 4, 5, 6, 7, 8, 9, 10, 14, 15, 
-----454737-----傅忠裕-----420-----280-----140
----------  达标日期:18, 19, 20, 21, 22, 23, 24, 25, 26, 27, 28, 29, 30, 31, 1, 2, 3, 4, 5, 6, 7, 8, 9, 10, 11, 12, 13, 14, 
---------- 答题得分：18, 19, 20, 21, 22, 23, 24, 25, 26, 28, 29, 30, 31, 1, 2, 3, 4, 5, 6, 7, 8, 9, 10, 11, 12, 13, 14, 15, 
-----467935-----高瑞初-----400-----280-----120
----------  达标日期:18, 19, 20, 21, 22, 23, 24, 25, 26, 27, 28, 29, 30, 31, 1, 2, 3, 4, 5, 6, 7, 8, 9, 10, 11, 12, 13, 14, 
---------- 答题得分：19, 20, 21, 22, 23, 24, 25, 26, 27, 29, 30, 1, 2, 3, 4, 6, 7, 8, 9, 10, 11, 12, 13, 15, 
第6队 总分 4105
--详细数据：
-----ID----------姓名-----总分-----达标-----答题----- 
-----454739-----吴天年-----420-----280-----140
----------  达标日期:18, 19, 20, 21, 22, 23, 24, 25, 26, 27, 28, 29, 30, 31, 1, 2, 3, 4, 5, 6, 7, 8, 9, 10, 11, 12, 13, 14, 
---------- 答题得分：18, 19, 20, 21, 22, 23, 24, 25, 26, 27, 29, 30, 31, 1, 2, 3, 4, 5, 6, 7, 8, 9, 10, 11, 12, 13, 14, 15, 
-----454740-----池国栋-----395-----280-----115
----------  达标日期:18, 19, 20, 21, 22, 23, 24, 25, 26, 27, 28, 29, 30, 31, 1, 2, 3, 4, 5, 6, 7, 8, 9, 10, 11, 12, 13, 14, 
---------- 答题得分：18, 19, 20, 23, 25, 27, 28, 29, 30, 31, 1, 2, 3, 4, 5, 6, 7, 8, 9, 12, 13, 14, 15, 
-----454741-----王红辉-----375-----250-----125
----------  达标日期:18, 19, 20, 21, 23, 24, 25, 26, 27, 28, 29, 30, 31, 1, 2, 3, 4, 5, 6, 7, 8, 9, 11, 12, 13, 
---------- 答题得分：18, 19, 20, 21, 22, 23, 25, 26, 27, 28, 29, 30, 31, 1, 2, 3, 4, 5, 6, 8, 9, 11, 13, 14, 15, 
-----454742-----戴  文-----415-----280-----135
----------  达标日期:18, 19, 20, 21, 22, 23, 24, 25, 26, 27, 28, 29, 30, 31, 1, 2, 3, 4, 5, 6, 7, 8, 9, 10, 11, 12, 13, 14, 
---------- 答题得分：18, 19, 20, 21, 22, 23, 24, 25, 26, 27, 28, 29, 30, 31, 1, 2, 3, 4, 5, 6, 7, 8, 10, 11, 12, 13, 15, 
-----454743-----龙  博-----420-----290-----130
----------  达标日期:18, 19, 20, 21, 22, 23, 24, 25, 26, 27, 28, 29, 30, 31, 1, 2, 3, 4, 5, 6, 7, 8, 9, 10, 11, 12, 13, 14, 15, 
---------- 答题得分：18, 19, 20, 21, 22, 25, 26, 27, 28, 29, 30, 31, 1, 2, 3, 4, 5, 6, 7, 8, 9, 10, 11, 12, 13, 14, 
-----454745-----熊  炜-----400-----280-----120
----------  达标日期:18, 19, 20, 21, 22, 23, 24, 25, 26, 27, 28, 29, 30, 31, 1, 2, 3, 4, 5, 6, 7, 8, 9, 10, 11, 12, 13, 14, 
---------- 答题得分：18, 19, 20, 21, 22, 23, 24, 25, 26, 27, 28, 29, 30, 31, 1, 2, 3, 4, 5, 6, 9, 10, 11, 13, 
-----454746-----左  雁-----420-----290-----130
----------  达标日期:18, 19, 20, 21, 22, 23, 24, 25, 26, 27, 28, 29, 30, 31, 1, 2, 3, 4, 5, 6, 7, 8, 9, 10, 11, 12, 13, 14, 15, 
---------- 答题得分：18, 19, 20, 21, 22, 23, 24, 25, 26, 27, 28, 29, 31, 1, 2, 3, 4, 6, 7, 8, 10, 11, 12, 13, 14, 15, 
-----454748-----黄  芳-----420-----290-----130
----------  达标日期:18, 19, 20, 21, 22, 23, 24, 25, 26, 27, 28, 29, 30, 31, 1, 2, 3, 4, 5, 6, 7, 8, 9, 10, 11, 12, 13, 14, 15, 
---------- 答题得分：18, 19, 20, 22, 23, 24, 25, 26, 27, 28, 30, 31, 1, 2, 3, 4, 6, 7, 8, 9, 10, 11, 12, 13, 14, 15, 
-----454749-----王  硕-----415-----290-----125
----------  达标日期:18, 19, 20, 21, 22, 23, 24, 25, 26, 27, 28, 29, 30, 31, 1, 2, 3, 4, 5, 6, 7, 8, 9, 10, 11, 12, 13, 14, 15, 
---------- 答题得分：18, 19, 20, 21, 23, 24, 25, 26, 27, 28, 29, 30, 31, 1, 2, 3, 5, 6, 7, 8, 9, 11, 12, 14, 15, 
-----468064-----周华-----425-----290-----135
----------  达标日期:18, 19, 20, 21, 22, 23, 24, 25, 26, 27, 28, 29, 30, 31, 1, 2, 3, 4, 5, 6, 7, 8, 9, 10, 11, 12, 13, 14, 15, 
---------- 答题得分：18, 19, 20, 21, 22, 23, 24, 25, 26, 27, 28, 29, 30, 31, 1, 2, 3, 4, 5, 6, 7, 8, 9, 10, 12, 13, 14, 
第7队 总分 4245
--详细数据：
-----ID----------姓名-----总分-----达标-----答题----- 
-----447981-----于志翔-----420-----290-----130
----------  达标日期:18, 19, 20, 21, 22, 23, 24, 25, 26, 27, 28, 29, 30, 31, 1, 2, 3, 4, 5, 6, 7, 8, 9, 10, 11, 12, 13, 14, 15, 
---------- 答题得分：18, 19, 21, 22, 23, 24, 25, 26, 27, 28, 29, 31, 1, 2, 3, 4, 5, 7, 8, 9, 10, 11, 12, 13, 14, 15, 
-----454751-----张 虹-----435-----290-----145
----------  达标日期:18, 19, 20, 21, 22, 23, 24, 25, 26, 27, 28, 29, 30, 31, 1, 2, 3, 4, 5, 6, 7, 8, 9, 10, 11, 12, 13, 14, 15, 
---------- 答题得分：18, 19, 20, 21, 22, 23, 24, 25, 26, 27, 28, 29, 30, 31, 1, 2, 3, 4, 5, 6, 7, 8, 9, 10, 11, 12, 13, 14, 15, 
-----454752-----陈?丽-----435-----290-----145
----------  达标日期:18, 19, 20, 21, 22, 23, 24, 25, 26, 27, 28, 29, 30, 31, 1, 2, 3, 4, 5, 6, 7, 8, 9, 10, 11, 12, 13, 14, 15, 
---------- 答题得分：18, 19, 20, 21, 22, 23, 24, 25, 26, 27, 28, 29, 30, 31, 1, 2, 3, 4, 5, 6, 7, 8, 9, 10, 11, 12, 13, 14, 15, 
-----454753-----张红艳-----420-----290-----130
----------  达标日期:18, 19, 20, 21, 22, 23, 24, 25, 26, 27, 28, 29, 30, 31, 1, 2, 3, 4, 5, 6, 7, 8, 9, 10, 11, 12, 13, 14, 15, 
---------- 答题得分：18, 19, 20, 21, 22, 23, 25, 26, 27, 28, 29, 30, 31, 2, 3, 4, 5, 6, 7, 8, 9, 10, 12, 13, 14, 15, 
-----454754-----资金星-----430-----290-----140
----------  达标日期:18, 19, 20, 21, 22, 23, 24, 25, 26, 27, 28, 29, 30, 31, 1, 2, 3, 4, 5, 6, 7, 8, 9, 10, 11, 12, 13, 14, 15, 
---------- 答题得分：18, 19, 20, 21, 22, 23, 24, 25, 26, 27, 28, 29, 30, 31, 1, 2, 3, 4, 5, 6, 7, 8, 9, 10, 11, 12, 13, 15, 
-----454756-----杨 勇-----415-----290-----125
----------  达标日期:18, 19, 20, 21, 22, 23, 24, 25, 26, 27, 28, 29, 30, 31, 1, 2, 3, 4, 5, 6, 7, 8, 9, 10, 11, 12, 13, 14, 15, 
---------- 答题得分：18, 19, 20, 21, 23, 24, 25, 26, 27, 28, 29, 30, 31, 1, 2, 5, 6, 7, 8, 9, 10, 11, 13, 14, 15, 
-----454757-----易文平?-----425-----290-----135
----------  达标日期:18, 19, 20, 21, 22, 23, 24, 25, 26, 27, 28, 29, 30, 31, 1, 2, 3, 4, 5, 6, 7, 8, 9, 10, 11, 12, 13, 14, 15, 
---------- 答题得分：19, 20, 21, 22, 23, 24, 25, 26, 27, 28, 29, 30, 31, 1, 2, 3, 5, 6, 7, 8, 9, 10, 11, 12, 13, 14, 15, 
-----454758-----刘玉贞-----420-----290-----130
----------  达标日期:18, 19, 20, 21, 22, 23, 24, 25, 26, 27, 28, 29, 30, 31, 1, 2, 3, 4, 5, 6, 7, 8, 9, 10, 11, 12, 13, 14, 15, 
---------- 答题得分：18, 19, 20, 21, 22, 23, 24, 25, 28, 29, 30, 31, 1, 2, 3, 4, 5, 6, 7, 8, 9, 10, 11, 12, 14, 15, 
-----467936-----张思京-----415-----280-----135
----------  达标日期:18, 19, 20, 21, 22, 23, 24, 25, 26, 27, 28, 29, 30, 31, 1, 2, 3, 4, 5, 6, 7, 8, 9, 10, 11, 12, 13, 14, 
---------- 答题得分：18, 19, 20, 21, 22, 23, 25, 26, 27, 28, 30, 31, 1, 2, 3, 4, 5, 6, 7, 8, 9, 10, 11, 12, 13, 14, 15, 
-----475748-----龙林-----430-----290-----140
----------  达标日期:18, 19, 20, 21, 22, 23, 24, 25, 26, 27, 28, 29, 30, 31, 1, 2, 3, 4, 5, 6, 7, 8, 9, 10, 11, 12, 13, 14, 15, 
---------- 答题得分：18, 19, 20, 21, 22, 23, 24, 25, 26, 27, 28, 29, 30, 31, 1, 2, 3, 5, 6, 7, 8, 9, 10, 11, 12, 13, 14, 15, 
第8队 总分 3950
--详细数据：
-----ID----------姓名-----总分-----达标-----答题----- 
-----447974-----钟读杭-----420-----290-----130
----------  达标日期:18, 19, 20, 21, 22, 23, 24, 25, 26, 27, 28, 29, 30, 31, 1, 2, 3, 4, 5, 6, 7, 8, 9, 10, 11, 12, 13, 14, 15, 
---------- 答题得分：18, 19, 20, 21, 22, 23, 24, 25, 26, 27, 28, 30, 31, 1, 2, 3, 4, 7, 8, 9, 10, 11, 12, 13, 14, 15, 
-----454761-----彭?敏-----405-----280-----125
----------  达标日期:18, 19, 20, 21, 22, 23, 24, 25, 26, 27, 28, 29, 30, 31, 1, 2, 3, 4, 5, 6, 7, 9, 8, 10, 12, 11, 13, 14, 
---------- 答题得分：18, 19, 20, 21, 22, 23, 24, 25, 26, 27, 29, 30, 31, 1, 2, 3, 4, 5, 6, 7, 9, 10, 11, 12, 14, 
-----463993-----张飞燕-----425-----280-----145
----------  达标日期:18, 19, 20, 21, 22, 23, 24, 25, 26, 27, 28, 29, 30, 31, 1, 2, 3, 4, 5, 6, 7, 8, 9, 10, 11, 12, 13, 14, 
---------- 答题得分：18, 19, 20, 21, 22, 23, 24, 25, 26, 27, 28, 29, 30, 31, 1, 2, 3, 4, 5, 6, 7, 8, 9, 10, 11, 12, 13, 14, 15, 
-----463994-----冯文姬-----405-----280-----125
----------  达标日期:18, 19, 20, 21, 22, 23, 24, 25, 26, 27, 28, 29, 30, 31, 1, 2, 3, 4, 5, 6, 7, 8, 9, 10, 11, 12, 13, 14, 
---------- 答题得分：18, 19, 20, 21, 22, 24, 25, 26, 27, 28, 29, 31, 1, 2, 3, 4, 5, 6, 7, 8, 9, 11, 12, 13, 14, 
-----463995-----胡爱民-----370-----280-----90
----------  达标日期:18, 19, 20, 21, 22, 23, 24, 25, 26, 27, 28, 29, 30, 31, 1, 2, 3, 4, 5, 6, 7, 8, 9, 10, 11, 12, 13, 14, 
---------- 答题得分：19, 20, 23, 24, 25, 27, 29, 30, 1, 2, 3, 5, 7, 9, 11, 12, 13, 14, 
-----463997-----申志忠-----375-----270-----105
----------  达标日期:18, 19, 20, 21, 22, 23, 24, 25, 26, 27, 28, 29, 30, 31, 1, 2, 3, 4, 5, 6, 7, 8, 9, 11, 12, 13, 14, 
---------- 答题得分：18, 19, 20, 22, 23, 25, 26, 27, 28, 30, 31, 2, 3, 4, 6, 7, 8, 11, 12, 14, 15, 
-----463998-----徐展-----425-----290-----135
----------  达标日期:18, 19, 20, 21, 22, 23, 24, 25, 26, 27, 28, 29, 30, 31, 1, 2, 3, 4, 5, 6, 7, 8, 9, 10, 11, 12, 13, 14, 15, 
---------- 答题得分：18, 19, 20, 21, 22, 24, 25, 26, 27, 28, 29, 30, 31, 1, 2, 3, 4, 5, 6, 7, 8, 9, 10, 11, 12, 13, 15, 
-----463999-----贺凯-----265-----220-----45
----------  达标日期:18, 19, 20, 21, 23, 24, 25, 26, 27, 30, 29, 31, 1, 2, 3, 4, 5, 6, 7, 11, 9, 12, 
---------- 答题得分：19, 20, 21, 23, 25, 26, 2, 3, 12, 
-----464000-----谢正良-----425-----290-----135
----------  达标日期:18, 19, 20, 21, 22, 23, 24, 25, 26, 27, 28, 29, 30, 31, 1, 2, 3, 4, 5, 6, 7, 8, 9, 10, 11, 12, 13, 14, 15, 
---------- 答题得分：18, 19, 20, 21, 22, 23, 24, 25, 26, 27, 28, 29, 31, 1, 3, 4, 5, 6, 7, 8, 9, 10, 11, 12, 13, 14, 15, 
-----464035-----张兰-----435-----290-----145
----------  达标日期:18, 19, 20, 21, 22, 23, 24, 25, 26, 27, 28, 29, 30, 31, 1, 2, 3, 4, 5, 6, 7, 8, 9, 10, 11, 12, 13, 14, 15, 
---------- 答题得分：18, 19, 20, 21, 22, 23, 24, 25, 26, 27, 28, 29, 30, 31, 1, 2, 3, 4, 5, 6, 7, 8, 9, 10, 11, 12, 13, 14, 15, 
